0.013266787495254511 
-0.23074446326602033 
0.34747463044865895 
-0.4363528237511366 
2.370641782708477 
-0.7836907004071885 
1.2792990510423785 
-0.928179517168933 
0.928396595003129 
-0.9077582739477631 
0.35285172477731547 
-0.5091001170391499 
-0.21856204005017502 
-0.752920827042026 
-0.026458413781454398 
1.2149669375343248 
0.2419086608726739 
-1.6046182546370207 
1.2483011729230016 
0.735655600363528 
0.5152741292290887 
0.3399057998923872 
-0.8823157085260211 
1.1787816301698986 
-1.2768967278073062 
-0.4684776646030203 
0.8550519716231892 
-0.8628145487146414 
0.8176684735227231 
-0.574258204929062 
-0.5260635913434869 
-0.911988774567652 
