-2.984463796019554138e-02
3.897221758961677551e-03
-2.353845164179801941e-02
4.847617819905281067e-02
-9.994997829198837280e-02
1.805533841252326965e-02
5.648516491055488586e-02
3.414092212915420532e-02
5.850065127015113831e-02
1.281988918781280518e-01
-1.746149659156799316e-01
-1.533018052577972412e-02
1.128075867891311646e-01
-8.170805871486663818e-02
7.556048035621643066e-02
1.483693420886993408e-01
-6.035586353391408920e-03
1.038919165730476379e-01
-1.878111362457275391e-01
-1.663309037685394287e-01
1.018955186009407043e-02
-8.049894869327545166e-02
1.417144238948822021e-01
-6.986250728368759155e-02
4.289774224162101746e-02
-1.532286107540130615e-01
1.607990115880966187e-01
-1.783487945795059204e-01
2.672877013683319092e-01
7.049842923879623413e-02
2.383193373680114746e-01
-7.945069670677185059e-02
